1	0.
2	0.
2.864300    0.000000
3.105700    0.000001
3.347100    0.000015
3.588500    0.000171
3.829800    0.001562
4.071200    0.011305
4.312600    0.064787
4.554000    0.294097
4.795400    1.057454
5.036700    3.010459
5.278100    6.791739
5.519500    12.136600
5.760900    17.178328
6.002300    19.258945
6.243600    17.103862
6.485000    12.031596
6.726400    6.703785
6.967800    2.958589
7.209100    1.034730
7.450500    0.286529
7.691900    0.062846
7.933300    0.010918
8.174700    0.001502
8.416000    0.000164
8.657400    0.000014
8.898800    0.000001
9.140200    0.000000
9.381600    0.000000
9.622900    0.000000
9.864300    0.000000
